103
87
95
76
143
100
95
106
97
89
94
82
107
76
65
78
99
100
64
145
119
91
86
76
95
117
111
90
75
91
65
78
77
80
88
119
92
82
82
109
73
94
73
59
67
144
146
106
99
98
118
65
115
98
83
71
99
76
143
86
67
68
122
95
143
72
67
85
83
115
96
110
145
90
129
123
98
82
86
86
108
79
122
80
116
113
112
81
102
80
107
107
76
109
75
75
79
63
88
91
70
95
94
102
117
130
63
92
79
103
86
58
68
90
121
105
83
76
98
75
98
113
129
90
143
102
106
95
98
67
77
123
105
69
105
65
64
93
57
60
73
138
100
137
63
88
98
63
72
58
64
80
84
91
65
115
115
55
91
103
91
103
67
85
98
86
100
68
88
81
77
78
90
96
83
58
65
139
85
73
115
90
84
69
84
113
102
124
72
95
135
105
72
91
99
91
61
100
78
90
83
61
68
78
82
100
105
103
64
86
73
54
107
103
106
111
72
78
95
138
79
98
81
75
107
75
94
96
69
92
98
77
69
119
133
57
99
88
91
130
146
94
60
83
65
110
98
77
139
76
80
80
95
119
77
67
77
71
124
85
91
102
91
88
95
103
66
95
103
100
108
81
122
115
80
75
105
87
127
76
53
82
122
63
84
77
66
104
69
55
122
137
138
103
91
65
79
85
99
149
81
88
105
86
73
86
95
83
76
62
65
94
70
86
82
76
121
96
128
61
111
89
78
112
116
100
103
81
130
98
82
144
86
99
82
73
119
144
103
80
94
81
130
94
128
100
65
75
122
82
111
72
105
103
98
83
93
118
115
87
81
137
86
59
116
129
114
93
53
101
124
109
73
113
59
108
77
101
79
95
74
91
96
92
53
88
69
94
112
109
69
81
99
76
89
78
76
93
114
91
96
107
91
76
123
66
79
84
134
62
139
95
88
100
98
76
99
76
88
97
90
93
103
85
92
79
76
75
145
83
93
82
103
140
77
62
108
138
103
83
91
75
84
97
98
87
104
60
82
97
124
77
90
98
96
67
118
61
84
81
53
94
142
82
67
82
81
86
84
56
113
93
75
116
81
78
81
95
61
111
108
92
95
80
85
77
87
81
85
122
91
120
84
105
145
100
95
57
116
136
104
78
63
78
125
85
81
73
75
93
85
95
110
66
85
108
82
73
92
107
73
117
76
111
45
81
67
97
86
81
67
95
78
57
86
145
87
83
83
97
73
88
99
54
78
85
106
112
82
124
78
75
73
99
92
69
82
137
80
97
82
85
73
104
71
81
128
100
95
99
118
121
103
116
90
105
65
76
153
82
115
107
78
88
122
75
60
95
83
100
73
82
68
79
73
75
102
115
91
92
67
93
58
73
112
81
79
105
113
137
137
76
82
119
99
74
90
82
92
84
134
96
72
64
88
72
113
128
66
101
90
82
63
105
104
80
126
93
113
76
97
83
127
66
123
93
87
134
67
67
111
113
108
55
65
45
75
66
99
95
91
89
100
69
109
75
92
87
100
150
112
67
75
120
94
58
76
80
68
89
130
100
113
105
72
114
61
67
99
80
103
87
86
76
105
87
77
76
85
80
114
137
66
75
58
97
98
93
83
66
119
64
67
118
82
62
89
99
71
86
76
109
80
105
149
68
73
98
117
69
85
72
135
96
102
92
77
91
82
94
104
97
66
137
78
93
76
90
77
105
102
82
112
133
85
74
135
67
72
77
75
83
95
129
71
88
71
133
75
100
77
80
88
104
108
74
134
108
125
69
46
122
54
86
79
72
88
105
115
145
97
122
125
91
109
76
98
85
78
76
103
78
89
69
89
76
99
100
89
103
76
91
77
69
91
107
122
138
82
103
133
102
75
76
73
76
66
100
112
123
93
107
119
84
126
104
124
85
58
123
91
73
97
74
96
89
82
100
123
90
119
95
99
108
57
85
118
78
70
66
99
55
103
58
93
135
73
91
129
75
81
78
105
144
85
95
81
70
123
112
90
78
82
85
55
94
66
76
94
65
94
140
68
67
83
74
78
90
105
94
79
73
75
76
92
56
114
88
90
70
85
114
127
69
85
86
103
66
121
72
104
88
91
134
137
74
70
77
144
86
110
81
128
76
110
121
69
83
129
77
71
129
74
80
69
86
101
73
