1
7
27
7
7
19
8
25
18
13
17
15
10
18
27
10
8
19
31
16
7
16
3
19
28
8
7
17
25
4
7
35
15
11
7
25
4
19
1
17
19
22
28
7
7
7
40
17
15
17
25
27
15
17
9
5
16
15
25
20
16
16
21
8
25
19
7
15
3
17
17
8
18
8
8
37
17
9
7
2
25
21
19
19
8
7
7
16
1
28
37
10
39
1
19
1
26
34
28
4
5
8
19
20
3
18
19
16
19
16
37
1
32
17
7
19
25
2
16
7
16
7
8
15
7
1
37
39
19
7
15
8
19
16
38
15
27
8
12
7
12
4
40
16
27
28
17
18
5
7
27
8
7
15
35
19
25
25
15
21
8
19
25
2
9
23
40
27
10
1
39
27
19
6
7
12
27
4
8
18
7
34
3
30
25
25
19
20
5
15
17
7
5
16
7
8
7
21
15
6
1
7
3
17
15
13
8
15
31
20
24
30
37
8
9
19
19
10
25
4
19
15
26
18
10
19
8
4
16
15
7
7
24
25
20
7
19
17
11
25
40
19
33
13
35
22
27
39
7
15
8
16
39
16
18
3
19
15
8
37
17
8
16
15
8
16
31
4
28
40
27
37
18
17
11
7
7
28
8
19
25
25
19
27
1
25
25
8
16
1
17
7
7
19
39
7
15
2
17
3
11
17
9
19
2
19
6
2
15
37
28
8
30
15
16
16
19
6
36
37
19
13
17
27
7
14
8
9
25
7
19
8
20
16
13
27
16
37
8
19
4
3
18
7
9
15
15
28
17
17
7
19
38
38
9
2
17
7
17
15
1
37
29
1
15
36
18
11
30
21
15
16
19
8
1
27
18
18
29
15
25
8
15
16
30
28
8
13
7
17
24
16
14
8
8
17
25
10
25
15
8
37
8
8
21
7
19
7
8
37
7
25
15
18
15
8
17
16
8
8
8
15
8
8
15
15
7
15
18
18
19
19
20
7
25
27
16
7
16
13
17
18
2
15
25
16
38
33
1
7
9
15
7
15
15
25
7
7
25
19
1
18
25
16
7
17
28
15
7
13
7
7
28
17
13
1
28
39
7
19
37
8
27
16
3
7
16
37
15
18
8
7
18
8
16
18
8
13
17
7
7
10
19
1
36
15
7
24
19
18
17
15
7
2
7
7
16
19
10
16
28
17
8
19
33
1
17
18
2
26
28
25
21
18
17
16
28
18
1
8
23
7
15
25
25
8
19
27
19
8
17
25
17
17
34
16
1
21
1
18
8
28
17
8
3
1
16
14
8
26
3
17
21
15
19
39
25
15
40
16
17
17
17
16
17
25
33
17
1
8
23
13
16
19
12
15
1
15
8
3
25
19
7
17
17
15
19
9
8
21
7
25
25
8
16
28
7
19
34
25
25
17
37
34
7
19
7
16
31
21
3
19
34
15
15
29
15
15
19
7
15
25
8
2
20
22
23
25
31
25
7
8
16
1
15
33
18
15
16
28
17
10
8
8
27
16
3
37
13
3
7
17
25
9
7
18
15
29
32
19
25
17
19
38
37
8
7
7
9
1
19
16
23
8
39
16
15
18
15
1
17
37
15
16
18
17
25
3
2
2
8
31
25
3
15
19
28
19
15
37
7
7
1
39
3
7
12
17
8
27
7
19
17
15
25
15
37
3
15
13
21
25
15
16
25
11
27
6
18
8
14
8
37
20
2
4
18
17
3
19
28
18
28
32
19
8
19
8
1
13
8
8
8
17
25
27
25
16
36
18
33
21
1
28
15
4
15
27
7
18
7
21
36
39
1
19
27
15
35
15
25
21
13
16
8
16
26
8
8
8
25
16
2
24
8
16
21
21
25
14
20
20
1
7
2
16
28
17
27
37
8
17
16
3
8
38
20
7
7
37
8
2
18
24
17
10
8
19
18
17
8
27
15
17
7
8
7
17
30
25
26
1
14
12
17
17
18
39
36
15
7
27
19
8
8
17
15
19
21
8
7
1
17
8
1
8
25
16
22
27
13
7
32
3
25
16
35
6
8
17
19
18
19
16
10
13
18
17
8
8
17
18
16
27
15
7
25
35
17
19
7
16
3
8
16
27
15
2
8
29
22
7
32
3
22
17
18
16
8
15
5
32
4
13
16
29
7
23
